2.311677607477816920e+00
1.850889114400105617e+00
8.675678235376316216e-01
-3.077777960539838986e+00
-1.888138218423648595e+00
-4.070163992558884836e+00
-6.116195873892991131e-01
1.503855476580717720e-03
-1.956666041248910082e-01
9.425707552592765825e-02
-2.177711975028697289e+00
4.064750464615716652e+00
1.103675834186295113e+00
6.328426495324014356e-01
-7.033164319286162591e-01
1.192524476986161375e+00
4.262207185272540499e+00
-4.161003658013404660e-01
6.240164504547135449e-02
-3.249516870406072400e+00
-4.319955581893860419e+00
3.251973849325747956e+00
-3.962044264457834086e-01
4.688680677790084239e+00
3.788940025986820004e-01
1.331304581560688871e-01
-8.786914735314386993e-02
-1.369265852843158715e+00
-5.545317430125222380e+00
2.539963855707058071e-01
1.555179898470208322e+00
9.517696605389487363e-01
4.246483916002796732e-03
-5.008689563420923863e-01
1.187964709582100209e+00
-1.083551009168686186e+00
-4.523169485875975226e-01
7.255314944020874179e-01
-4.598041756672377467e-01
-1.108205728066314233e+00
9.431659345775180725e-01
-6.067235503417260034e+00
-1.699898150211244685e+00
4.088662840362976558e-01
-3.697566968703700496e-01
-1.346670677733729504e-01
3.526597620907553909e-01
1.412951328370154691e+00
-4.372061170058829105e-01
9.080290487325344273e-01
7.474895744965185385e-01
3.457529356986094982e+00
1.506839549357335883e+00
-7.493010668161728116e-01
2.926360195728793245e-01
-2.262565297791898189e+00
-4.628288106083513931e+00
-4.841217893036087183e-01
1.732745677206732823e-02
-4.454025650506078904e+00
7.340829499247672474e-02
-1.918612800615630221e+00
6.590661255062766344e-01
7.724329868265558119e-01
-2.862444214971571199e+00
9.019070479622096070e-02
-6.185046413704498036e-02
1.265173785030420106e+00
-1.221042640987882066e+00
-2.075665729683675131e+00
-5.432708214794935486e+00
-4.132516888368953367e-01
-1.104415652906981737e+00
4.430028634558607514e+00
6.123407072881462021e+00
-2.021271578918852896e-01
-4.428467714293852886e+00
-5.994739058732456716e-01
-1.567990295787727195e+00
-1.744703568410234995e+00
2.743737961253769342e+00
-5.728297681421745668e-01
1.750017585509725304e+00
-9.967549247324958284e-01
2.196069501731638951e+00
-1.241193429307818619e-02
1.250653876795119412e+00
-2.113716642315731364e-02
1.596688906041298761e+00
5.956481168174502017e+00
-5.544758867387646006e+00
1.824992181761024401e+00
3.717049433480907883e+00
5.391880252239406035e-02
-9.135940327546585582e-01
4.182050058906252588e+00
1.044035609997830960e+00
-1.108275037732099122e+00
-2.706269317390432860e+00
2.314827555005053994e-01
6.045542139882694732e-01
4.052940266514235113e+00
-1.891455592319846168e+00
4.010232655239919453e+00
4.601845351988688160e-01
-6.759865658761050611e-01
-4.287999128510872282e+00
2.080073538508302455e+00
-4.698837475767057570e-01
1.160308834573571257e+00
3.779810131814198115e+00
-7.943385737549958359e-01
-1.765400947308124247e+00
2.659469561932734649e+00
-9.163103813134453046e-02
-7.708116134796665353e-01
-1.266005365969302687e+00
3.975279216308964081e+00
3.300056218093252891e+00
8.230371637297185794e-01
-1.843543848856032952e-01
1.095373679100323794e-01
4.865110698494863328e-01
1.528875708907790898e-01
-7.277722005524783766e-02
2.137358091805164895e-01
3.826901699322630801e+00
-2.627185311938567622e-02
-2.951693445536725413e+00
-1.092440760447938031e+00
-2.995040359746026226e-01
6.586199128744851805e-01
-1.744111246468574627e+00
3.135891844126761918e-01
-4.530793545911127040e-02
7.139260428926054169e-01
1.874962072323784756e+00
5.432771763208140037e+00
4.140978424566249316e+00
1.851670355705913540e+00
-3.351849982675012551e-01
1.366716408991822229e+00
8.193526143284918239e-01
6.099512628118627378e-01
3.767697742817015527e-01
-6.353425610530250012e-02
3.647816990853210761e+00
3.113979643415468068e+00
1.760117003670396585e+00
-4.913514400950077743e+00
3.186308393988176668e+00
-8.889132616517064767e-01
3.346473255360498111e-01
-1.239410660775339235e+00
-6.608137029404259621e-01
4.347064113975662725e-02
6.202336741377572071e-01
4.434320042989181587e-01
-5.387333500501018335e+00
4.162283903618893888e+00
6.910270016259003611e-01
-4.975483373519679731e+00
1.602573427741709189e+00
-3.588876805402180015e+00
-1.220490000980856138e-02
-3.519608143011911106e-02
-1.458569120874026126e+00
-9.055840037967304301e-01
-1.177780375808366031e+00
-1.251527529539201988e-01
-2.011586699023130809e+00
-5.317754573123645301e-01
3.693677575933922430e-01
1.803024853757934309e+00
1.026802283766498070e-02
1.756986497105585521e+00
-4.284163806493364035e-01
-7.907368584872412898e-01
-3.346619125600558853e+00
-9.614356774891952284e-02
-2.369923724548463895e+00
2.476018570543445207e+00
-9.060403852155676230e-01
4.051917622810332631e-01
5.698081530230965086e+00
-3.833818580117974717e-01
4.487740086276325258e+00
6.249402487055033539e-01
8.163287871222035808e-02
-6.092371367617666955e+00
2.283292524210151164e+00
5.846452071275591855e-01
2.660574686857544169e+00
8.709863374974166073e-01
1.141256305077721578e+00
-9.244809377097973346e-02
7.316787433920528272e-02
-4.421379247539674040e-01
4.132309603712427393e-01
7.726736960025157308e-02
